0
1
1
1
0
1
1
1
1
1
1
1
1
1
1
1
1
1
1
1
1
1
1
1
1
1
1
1
1
1
1
1
1
1
1
1
1
1
1
1
1
1
1
1
1
1
1
1
1
1
1
2
4
1
1
2
2
1
1
1
1
2
2
1
1
1
1
1
2
1
2
2
2
2
2
2
2
2
2
1
2
1
2
2
2
2
2
2
2
2
2
2
3
2
2
2
2
2
2
2
2
2
2
2
2
2
2
2
2
2
3
2
3
2
2
2
2
3
3
3
3
2
2
2
2
2
4
2
3
4
2
2
2
2
2
4
3
3
3
3
3
3
3
2
2
3
2
3
3
3
3
4
4
3
3
2
2
3
4
4
5
3
3
3
3
3
3
4
4
3
3
3
4
4
4
3
3
3
3
3
3
3
3
5
4
4
3
3
3
4
4
4
3
4
4
3
3
3
3
5
4
3
3
4
37
6
4
3
3
3
3
3
4
4
4
19
5
8
4
4
4
5
5
5
4
4
5
4
4
4
4
5
6
4
4
4
4
7
6
4
4
4
4
5
4
4
6
6
7
4
4
5
4
5
5
4
5
5
5
4
4
4
4
5
5
5
5
5
6
8
6
5
4
4
4
6
5
6
5
6
7
4
4
4
4
6
6
5
5
6
5
5
4
5
4
6
7
6
7
6
5
8
8
5
4
5
5
6
5
6
6
7
7
5
5
5
5
7
6
5
6
6
6
5
5
6
5
6
9
6
6
6
6
8
8
5
5
5
5
6
6
6
6
11
9
5
6
5
5
7
7
6
6
7
7
5
6
5
6
9
8
6
6
7
6
8
9
6
6
5
6
6
6
7
7
8
8
6
6
6
6
7
8
8
7
7
6
6
6
6
6
7
8
7
7
7
7
8
10
7
6
6
6
7
7
7
7
10
9
7
6
6
7
9
8
7
8
7
8
6
7
7
6
8
8
8
7
7
7
9
9
6
6
7
9
7
7
7
7
9
11
7
6
6
7
8
9
8
7
8
7
7
7
7
7
9
8
8
8
9
8
11
11
7
7
7
7
8
8
9
10
10
10
7
7
7
7
9
9
8
8
8
8
7
7
7
7
10
9
9
10
9
8
11
12
8
11
9
8
8
10
8
9
11
11
7
8
7
7
11
11
8
8
8
10
8
8
7
9
11
11
8
10
9
8
15
13
8
8
8
8
9
9
9
9
10
12
8
8
9
9
11
12
10
9
9
10
8
9
7
8
11
12
9
9
9
10
11
12
8
8
8
8
10
10
9
10
14
12
9
9
9
8
11
10
9
11
10
10
9
8
8
9
12
12
10
10
13
10
12
13
9
9
8
8
10
11
10
10
14
13
10
9
9
9
13
14
11
10
10
10
9
9
9
10
11
11
11
10
10
11
13
14
9
9
9
10
10
11
11
12
13
14
9
10
9
10
13
13
11
10
11
11
9
11
10
10
13
12
11
11
11
11
14
13
10
10
9
9
12
11
11
11
16
14
10
10
11
11
12
14
11
11
11
12
10
10
11
11
13
15
11
12
11
12
15
15
10
25
10
11
13
12
11
21
15
16
10
10
10
11
14
14
12
12
11
12
10
10
11
10
14
14
12
13
12
13
17
15
12
10
10
10
13
11
12
12
15
15
11
13
12
12
14
15
13
12
14
13
10
12
12
11
15
15
14
15
13
13
16
16
10
10
11
11
15
12
13
13
18
18
11
11
12
12
14
14
13
13
13
13
11
12
11
12
16
15
13
14
14
13
18
17
12
12
12
11
13
13
13
14
17
17
12
14
13
12
17
15
14
13
13
16
12
12
11
11
15
15
15
13
13
13
17
17
13
13
13
12
14
14
12
15
17
17
12
12
12
12
15
16
14
13
14
15
12
13
14
13
15
16
14
15
15
13
18
18
13
13
12
14
15
15
14
15
22
19
11
13
13
14
17
17
14
15
14
15
13
12
13
13
17
16
15
14
14
14
19
19
12
13
13
14
14
15
15
13
18
16
13
13
13
13
17
16
14
15
15
16
14
13
16
14
17
17
17
15
16
16
19
21
13
14
14
13
15
16
17
15
19
16
14
13
12
14
17
20
16
15
15
15
14
13
14
13
17
19
16
15
15
15
20
18
14
14
13
14
16
15
16
17
20
21
14
15
15
14
18
18
16
16
17
15
14
14
14
14
18
19
17
16
17
16
21
18
14
15
14
15
17
17
18
17
20
21
14
28
14
15
19
17
17
16
17
17
14
14
15
15
17
19
18
17
17
17
21
23
14
15
15
14
18
17
18
16
21
23
15
15
15
15
19
20
18
19
18
17
15
15
15
15
20
20
16
18
17
17
21
25
15
16
16
16
18
18
17
17
21
21
15
14
15
17
21
18
18
18
18
18
16
16
15
16
21
21
19
19
18
18
24
23
16
18
16
15
19
18
18
18
24
26
16
16
16
15
21
19
19
19
19
19
16
15
15
17
20
21
18
18
19
19
22
24
16
17
17
18
19
18
19
18
22
23
15
16
16
18
21
20
19
19
19
18
16
16
16
16
20
23
17
19
18
19
26
25
16
17
17
17
21
21
19
19
26
25
17
16
17
16
23
22
20
20
19
19
17
17
17
19
21
22
22
20
19
20
26
26
16
18
17
18
19
19
19
22
26
27
17
17
17
17
21
23
21
20
19
20
17
17
18
18
24
24
20
20
19
20
26
26
17
17
19
18
21
21
20
20
28
25
19
19
17
17
21
26
20
20
19
22
18
19
18
18
35
26
21
22
21
21
26
26
18
17
16
18
20
20
21
20
28
27
19
18
20
19
28
23
20
22
22
20
18
20
20
20
25
22
21
22
20
23
27
29
19
19
24
19
21
21
21
23
28
26
18
18
18
18
23
24
21
21
19
22
19
19
19
20
24
21
21
23
26
23
28
28
19
18
19
19
23
21
23
22
26
27
19
17
18
19
25
27
23
22
22
23
20
18
19
19
24
26
22
23
21
21
29
30
21
19
18
19
22
22
22
22
30
30
19
19
19
17
24
26
17
24
22
22
18
19
18
18
25
24
23
21
21
21
30
29
19
19
18
20
23
22
22
22
28
29
19
19
20
20
25
26
24
22
23
23
18
19
18
18
26
25
22
22
22
23
31
29
20
20
20
21
22
23
24
22
30
30
20
20
22
22
25
26
24
22
23
23
20
21
19
19
25
27
23
21
22
21
31
32
20
21
20
36
22
23
23
22
27
28
22
21
20
21
25
26
24
23
24
24
20
21
21
20
25
27
24
24
23
24
31
33
21
21
21
21
26
23
23
24
32
33
21
21
22
21
26
30
25
24
24
22
21
20
21
21
28
23
24
25
24
25
31
31
22
21
23
23
26
25
24
23
30
31
21
21
21
20
29
26
23
23
24
25
21
21
20
22
27
25
28
24
24
26
31
30
20
21
21
21
25
27
25
26
32
31
20
23
20
21
26
28
27
25
23
27
21
20
21
22
28
30
26
26
24
24
32
30
21
20
23
24
48
28
25
25
31
34
23
23
21
25
28
29
25
25
24
25
21
23
21
27
29
29
25
25
25
29
34
33
23
23
22
21
25
28
27
26
34
34
23
23
22
24
30
38
30
27
25
25
22
24
25
23
31
49
28
25
26
25
34
31
25
23
22
23
26
26
27
27
35
35
25
22
23
23
29
32
26
24
28
27
24
23
23
24
29
28
25
27
31
28
34
35
23
24
25
24
27
27
28
25
36
39
25
24
25
24
30
30
28
27
29
28
25
25
25
25
30
29
26
26
27
28
35
33
22
25
24
23
26
26
26
27
32
37
23
25
25
24
33
31
26
27
26
29
27
24
24
25
31
30
31
28
27
27
39
37
25
23
24
26
28
28
28
28
38
36
25
26
26
25
32
31
28
29
29
30
27
26
25
24
31
30
36
32
27
29
38
38
23
25
27
24
29
28
26
27
37
38
26
25
25
25
32
34
28
30
30
29
27
25
25
25
34
32
30
29
28
43
39
36
26
27
26
25
29
29
28
30
36
38
29
26
25
25
32
32
30
29
30
30
25
25
26
26
31
31
28
30
30
33
35
35
27
28
28
28
29
28
29
31
40
36
26
26
26
25
35
33
31
30
26
30
25
25
26
27
34
33
29
30
30
30
40
40
25
24
24
24
31
31
28
30
38
38
26
24
27
27
34
34
31
30
32
30
25
26
27
27
35
33
30
30
30
28
39
36
27
27
24
26
30
30
31
31
39
43
27
26
25
28
33
36
31
30
31
31
26
29
28
26
35
35
32
31
32
